41406275321
00617109750
56478565665
25218402123
90572050988
86790757577
12840759305
14840885496
31600175148
00471601016
78878103807
55525725602
38463067386
66179796769
07016751417
57081896272
58441124897
16746066083
39372260765
16709499080
07548551632
88531426972
89203143317
99579124874
82664497851
52406307743
58336017899
54497299748
13161528450
64211711952
86462642826
40608407679
09356047796
24347467699
12648727971
94172744651
33578996261
03241857062
37911186066
80909293291
89402596884
04144426799
62402868169
07302606129
32472347662
34750860602
59738573923
77527236950
88212652533
21475852807
46711584363
06923601795
61236926305
71820188496
85388686189
58378285221
80400760135
00071835236
80379657415
13916254226
09286885138
38762079539
86529704513
45266642286
70164032773
66741189674
74169262353
00828701571
38265957951
65271783819
08341331058
95660907782
00774690372
64386851773
68010016651
42764865284
66439248489
68684953772
84761447704
36197981825
17771352985
69912783354
96297685653
98932649895
32134831752
29420953339
19013574820
35036594539
44358885039
49171678573
29121695553
90059367004
65881324195
42646451852
81276224834
23727016346
54835687517
99034927974
44049373758
78372935521
42244324083
58564351779
08303502319
16352728440
99172598345
76866779585
86950220188
69106162799
57369385118
52241339824
89798427297
37407997724
96513707410
64498706189
18301816843
25134580215
75745077921
95977015911
91635424690
67436178483
42002988335
91861105724
90467711411
47850505514
04543053039
50038073940
55860140405
67292476931
11618362839
01473104947
27993336027
19321187447
44833619978
12024284429
97828987318
21254571870
27158893877
23794614120
90189732613
18077536017
59148528278
18590458860
99279606166
68837967361
75912940121
12527627360
21169959533
18450709667
47096610382
63946597269
05227427043
38179034498
47187378346
53526930484
80783872517
48432203014
99403812469
92580180205
18308488155
46168549821
25522666578
10795031131
72607013816
08505111320
75504089696
24365376320
96694371661
22889316129
99783051242
89440815794
48411672376
73034584916
39149036561
00148386797
05830072279
08418457255
75053669729
63373243055
75019424093
31571505349
47919545575
84627241824
15306498553
24537162461
08030825940
49062783323
14296246531
41627712883
49195386072
26825525558
22827334617
13704972214
66959676008
73869724903
95596783744
07041257715
95881438597
34759280496
96026103379
95057939237
24563548773
76022314227
30944068231
45626381424
49377456430
62710270678
67629524330
30713618498
66913504551
84545520464
99396850413
46565310701
28389225732
41844247890
26465698723
20894633465
24309887008
17046096957
10695130686
34007697553
40335848370
56901878630
73495694897
09696289943
04870263466
44813585167
14618229328
89517239937
57713137099
68545701362
86240476639
35450822190
05663987230
41481086727
70707596363
06190449119
81553530697
48249602219
00634778952
65771261828
26839603068
53967952717
38463202544
86317768896
51796631681
13653805072
03078410465
19721064149
50793210565
67122760157
45677401210
17767039989
07334388016
31654540687
77924009457
86934937171
43894336436
05140270491
12228417974
10323884314
98265515224
39671391211
11028210578
36000748653
02897005684
93579130980
72554168305
94858861814
51897879321
78708490594
78896459735
21186346148
80309449432
89342883155
31429943473
41081956645
22137301979
23034464885
74600663148
22410847861
27157270110
03555584277
58750083160
34658133940
32062363609
67563833170
12991159733
03786524746
66924954411
07486440746
36934363370
28649852626
80867472825
12466181971
63086692662
58737678399
22082703065
97427073553
55635436773
62798319870
95022372739
30532588490
82205704092
81623665414
25716747304
12301741551
82158963568
14333698759
82962654128
47057753181
95524277212
06751812035
43908492401
23034100953
92093440663
53690073273
16555943563
31884130854
20135061091
31758263662
82719567421
20249870561
06451842897
42707299777
36651260072
15513192868
64002072336
47420135991
67371674981
38179348738
23694267934
14511038564
10163906952
08162869999
44899739757
83831301274
96965000033
25839809820
84895464698
66969881347
91510084238
23173642867
89592789589
33783557959
59765412824
30759833321
61272174477
79136748427
80432539685
47601197879
15110659063
60254108231
76389457465
89900836709
46232359605
50279382373
97161295263
81636086085
87783454783
13099617238
42884049690
42451607925
22116255591
28392439289
43967700103
01188229005
72322646531
12330113768
39081678502
43715084387
89090013613
15350580890
12988787910
10138225668
50023590003
75177934362
66572080298
50895021512
91870128141
75520470275
59533572350
15439772228
62995126315
02217359868
12384252798
29257568361
82337973779
70031131651
54818025519
23351769745
25486106624
56888700629
06293001141
28469588938
55518954069
00876324748
90613747341
36884004654
50554803854
97588870527
51893417156
62094873892
30248257937
35053920813
86306186567
51713225760
04469347209
82348967912
30287602503
40215062758
32594678540
87871633944
37719101178
56807675449
10255413173
88937676884
48424387553
64808428493
27264579031
93235347787
58342241262
28768888380
09883527251
13647355924
17646641317
64620859410
22205901807
65884356535
69469038736
42570684080
50178745847
21693607409
59142169290
21983327964
32505490193
18450399695
71797888003
20375940492
15282083413
57941439944
08284153033
17532193598
92308830830
57159439871
66733768105
17263253171
81715910817
90139311269
14499600316
47805371281
95748067000
00197142250
29196116902
34947932323
89745578401
60339393203
47676541415
70981755353
23276458054
10243469328
93972784092
57640386579
12983596991
82827407994
30659999400
67325607469
32124938606
94012668947
43837631962
94280155335
64300181081
11078599223
26763664575
71346158075
79554642670
19848165597
99747980576
90355356430
06508731617
49411746700
62994003531
47707345745
72443505982
42662222099
65666819103
64275143520
97311968310
33837956941
79109721974
88801280898
65430194145
86470624486
34300391154
15706259416
16456112347
77857762905
84547428057
34248558863
43065966947
62629560991
58016522210
33977594421
00672639532
09518453157
51896186967
21230449222
31098169785
89805967017
66444889454
70884988706
09918188277
88593235111
18098480603
83984575816
99571606364
67997502944
88829133774
56297342443
95582805985
20923135682
86536019543
11978434506
91801222398
31909996862
85822023148
67286745922
93443874657
56424503665
49025997814
84391229932
42198169741
62670813911
93912628608
34866729998
66685456811
98817884483
21329322483
40920786066
22499204426
21435126047
30588858655
34765948864
59951956429
10354933063
98679686745
22085394751
62460909822
82095695976
59341171856
83446198685
66418514772
28586120909
10479193225
82610370278
75470496872
32971005130
26623893782
76807609455
08038446509
49068573386
59600073071
20833483965
70809431525
34707741827
29015869890
86432597218
18960886458
24601005131
52302101278
99868488637
57267482760
89397835569
92136033947
95519624048
89150210260
31791868934
03980620474
16129868652
44072184365
72908463980
50913928001
00495624619
14742527480
17093483550
27956502132
27167678124
96786845199
18039842212
59283019937
98095294307
97478503574
22024585622
85360197043
48043472205
91162893448
85028904798
96646318582
50535140041
11526579804
32201882127
76454292993
31186419620
35216318860
18004526435
63756634206
83115680388
59357488297
51618698576
44058299612
63157299861
93329720013
53263370238
32374297898
20694569342
71763702100
14314508195
61911620098
69157420670
01580719037
47815568757
75316730607
97732316232
61443659246
80441321035
57081394405
10225694028
05050058755
60837338447
87123094574
51675199861
35555490148
55752689915
49921862478
57890769779
65735336813
01773087499
26274597218
82631645593
67153542357
81873456025
24797206162
42690900984
77600383206
90576261269
69441995783
71972340586
41747318087
24910823335
95363091334
52150895696
04042747770
56996049382
95349086228
62260805050
65853220889
40038429907
16878644681
78180473614
21050221625
03228298992
13614137012
69634022433
54515850082
28336248964
06921892272
18736268813
23007583424
06789099905
82207421764
65012099461
08227428339
16202742250
17261688621
50900831915
59155712457
03994717230
25823934195
84312020626
08687181356
26948496112
21104369057
96370435671
79303291055
68818921973
62515124903
78532757612
99022282465
13540811350
48529987864
19297473020
33326533343
77578989641
36719260288
39527625064
52640948631
46217075341
46510956442
51040244547
42018882861
42852670164
41854046579
75582348405
52480724009
54708389536
72564097107
52823916449
20005834703
94154855660
45537816460
71495813626
36230765081
10559099990
90874582174
11173252755
45932632645
84705205802
00644679549
65181371912
17201067377
01326365624
37885480888
10341928471
71879111638
76058746394
42516061188
47931765137
01074524788
16886955918
28048880346
15613612829
26339638733
77260726390
56491747592
68171553526
21494153498
74112018214
58145435597
11906243293
28959684793
89371194858
29354463064
81145259649
11353197236
07635455353
11621517671
80759052047
74172940317
05896794924
18728496719
37326713238
60178091451
77259411934
58613427802
68748204495
32970372309
63277324017
07547337756
36063346006
11017654595
96795020494
28164597664
25197388230
89423975042
23058098672
31451956614
14048178954
90999208864
26007239398
03525294072
38483241017
85629907613
59132561201
28096372011
66032887171
39262637794
99654663482
69292725076
72899100075
83238744845
47680958231
40668287171
40823788084
44570398296
92305670666
24048283793
33721684366
67983811572
00378834512
66899974979
04157045992
53312337463
44946980982
81618398650
45438125728
60868872341
57004751375
98164668142
12906382110
39113153458
45891029439
61350235895
46587239232
39396945567
96599898435
10937245165
63113748273
09564508897
76161526008
98589057366
01274818063
57744505321
40302523075
25780558215
68909678652
05504309873
40480704460
05883627252
16403083386
89046414713
43873657467
70475338934
77565728611
11400571405
63895977940
22142039306
18702760703
56468268207
08682588326
79426837207
45389741014
15808220252
99838531627
05551616367
52776543394
02596513681
37460144879
83239505278
79115043197
99822408273
35855620476
65334789072
69430095132
72088666777
77190769879
38157129354
74222183802
84666690926
68707489523
91691243574
43960493716
48719592004
23349400995
14084125962
92031746269
73797555712
49256714345
41009105155
58531896953
75313268649
37083578634
60098364221
42521264702
23343349985
64173088370
95737664797
62320579674
60840139364
65479255213
56270165609
34191097447
64484325377
01345983237
14007479452
23097092888
31301953540
51649577677
50208245884
23604616057
88496818105
00873111396
59463539331
36181416803
80479198563
60982393539
23840346774
98534203358
00378033145
05633674532
69634072848
91161407876
33838507002
58199744881
28688874212
02686208474
05337274574
43504993428
89786270008
41658231848
87111560417
98338791375
07867524743
48565109475
17251495214
70931905505
17257964344
71340666723
87730384333
01567971398
65020685682
16970143961
02241874562
76322509553
65747713520
45906329140
48128666828
00794719544
22687912881
28770724029
05202948767
17137387007
56495626270
14806597398
89000582610
34526912694
78619864097
51141637359
65898137552
20234022053
12273822432
51486812701
60272349174
75691505391
35102322455
74379818794
74565765377
33759802204
13321104792
01088020862
41589511931
07332659849
24945513123
74612125920
07218505701
25642609414
69693611724
25833263564
18293022854
82435581767
60622689653
37923387997
63803303669
47575125462
71510649114
38122072339
85917545077
12446939391
73635631243
70679322196
33180507378
75908878914
53673540520
51475995317
95409405089
69716796870
19091734812
71814080588
11932188482
50170308090
37423342301
59318825160
64380390488
08535083020
26148358909
38888404106
39013713480
42144302750
06921161190
57501211088
61586970792
61617909841
50796889109
94667106648
08466891949
92428452303
99722882517
19285240495
09419749187
24632990325
46333977480
02429940629
01976043803
77262392481
23683761225
91306547036
42619069331
75025437821
36065347864
64562823719
98721517411
54319016262
